Measurement done: 2025-07-22 22:04:15.954739
Voltage SourceMeter: Keithley 2410
Pad Currentmeter:    Keithley 6487

Comments: 
Enter comments here

Number of points for median: 5
Hardware compliance: 5E-6
Software compliance used: False, value: 25μA
Set voltage (V), 	 Measured voltage (V), 	 σ_voltage (V), 	 Total current (A), 	 σ_total,  	 Pad current (A), 	 σ_pad
BEGIN
1.0,	1.000703,	0.0006197077090770955,	-5.812782e-10,	2.736565798351231e-10,	-5.877421e-12,	1.0628311120869435e-11
5.0,	5.010363,	0.0004540142133071349,	1.553816e-09,	4.4543296467425525e-10,	-1.468139e-13,	1.61878224632673e-12
10.0,	10.00433,	0.0006120515488140461,	1.088075e-09,	4.0195596861679945e-10,	-7.424679e-13,	3.4705377594328468e-12
15.0,	15.01488,	0.00047235526952661667,	2.372384e-09,	3.4267744846766473e-10,	1.644935e-11,	5.189572524809389e-12
20.0,	20.00806,	0.0006718886053135053,	3.442035e-09,	4.901680531243902e-10,	3.049858e-11,	2.173634302183771e-12
25.0,	25.02061,	0.0006179712069172902,	2.791307e-09,	4.703816137357113e-10,	5.070975e-11,	2.841896820939441e-12
30.0,	30.01281,	0.0003463140787543708,	6.324477e-09,	4.88132630248924e-10,	7.673367e-11,	3.2645257181661173e-12
31.0,	31.01442,	0.00029628546154032703,	5.699462e-09,	4.924623741116852e-10,	8.595605e-11,	2.8454845684571766e-12
35.0,	35.01844,	0.00030309034887788703,	7.748703e-09,	1.4965805361788847e-10,	1.21531e-10,	5.267472305197558e-12
36.0,	36.00127,	0.000281441689118464,	1.046182e-08,	3.8687151380217093e-10,	1.246531e-10,	5.255545216588249e-12
37.0,	37.00515,	0.0003721839578461579,	1.13874e-08,	4.5247404725140915e-10,	1.205862e-10,	6.492730679141348e-12
38.0,	38.00706,	0.00026949626447057395,	1.413669e-08,	1.5082446392283593e-10,	1.209764e-10,	5.431817382167669e-12
39.0,	39.00946,	0.0006038618610996833,	1.549873e-08,	4.459695225409313e-10,	1.272616e-10,	6.571152173345599e-12
40.0,	40.01168,	0.0003257046292745323,	1.744008e-08,	2.1953326348355342e-10,	1.380861e-10,	4.7623512326424656e-12
41.0,	41.01289,	0.0003454966779366133,	2.146615e-08,	1.5377767284788408e-10,	1.447615e-10,	4.759081416707732e-12
42.0,	42.01781,	0.0004699739417207005,	2.43691e-08,	2.078395979484468e-10,	1.431183e-10,	5.5775864951260946e-12
43.0,	43.01999,	0.0004451708101129284,	2.780653e-08,	4.3442979485795276e-10,	1.466923e-10,	4.4399427500124915e-12
44.0,	44.02157,	0.0006561267521576844,	3.371492e-08,	2.3819538412977656e-10,	1.597761e-10,	3.5609131185671608e-12
45.0,	45.00343,	0.00049014861889169,	4.011605e-08,	2.9947750910952234e-10,	1.565924e-10,	4.451066715699417e-12
46.0,	46.00857,	0.000406831251702808,	4.611797e-08,	1.5492608800529656e-10,	1.632268e-10,	2.1330483403876293e-12
46.5,	46.50867,	0.0002477199590293007,	5.249252e-08,	3.37203170816611e-10,	1.656299e-10,	6.413502913473867e-12
47.0,	47.0099,	0.0004589780406335214,	5.65908e-08,	4.5152619729042346e-10,	1.599404e-10,	3.1272512195551813e-12
47.25,	47.26957,	0.00032461147236735914,	5.883803e-08,	1.1584341044266332e-10,	1.487873e-10,	2.718845390877578e-12
47.5,	47.51146,	0.00026573975476985894,	5.929915e-08,	9.9886434931548e-11,	1.455215e-10,	6.504894621908358e-12
47.75,	47.77133,	0.00036948512170146934,	6.051445e-08,	1.253877991957469e-10,	1.551752e-10,	7.323121272956977e-12
48.0,	48.01162,	0.000477072860447548,	6.11583e-08,	1.786942771399618e-10,	1.451929e-10,	6.709741640970889e-12
48.25,	48.27112,	0.0002829113020621162,	6.171794e-08,	5.8193743220699275e-11,	1.39873e-10,	2.770439029377512e-12
48.5,	48.51393,	0.0004430769993181916,	6.152011e-08,	9.384082517681133e-11,	1.350462e-10,	4.522606889196429e-12
48.75,	48.7734,	0.00024775256782478,	6.203135e-08,	8.668646749896983e-11,	1.36484e-10,	2.7711879834821048e-12
49.0,	49.01288,	0.0006565643742649154,	6.300622e-08,	9.482907792857383e-11,	1.325814e-10,	3.5244504238263574e-12
49.25,	49.27394,	0.0003518041844279051,	6.297374e-08,	1.5292723128859362e-10,	1.339781e-10,	5.206331361252493e-12
49.5,	49.51657,	0.0003425667082198412,	6.347334e-08,	2.8520968020806654e-11,	1.361758e-10,	2.4459489319581188e-12
49.75,	49.75695,	0.00011543716229457623,	6.323098e-08,	9.961223976240199e-11,	1.303221e-10,	4.906329603519488e-12
50.0,	50.01723,	0.00042519264297202595,	6.351323e-08,	9.623275271314156e-11,	1.362169e-10,	5.229731240930975e-12
50.25,	50.25859,	0.00044198779075809596,	6.363759e-08,	7.904411136573347e-11,	1.286172e-10,	5.03339273264662e-12
50.5,	50.51959,	0.00015979070652778993,	6.389308e-08,	4.649490011048627e-11,	1.315749e-10,	2.8144550563092382e-12
50.75,	50.75928,	0.00020221071876514466,	6.426345e-08,	1.3772220358811107e-10,	1.365866e-10,	5.018633044259145e-12
51.0,	51.01892,	0.0004839860884774134,	6.442323e-08,	1.4456748901382254e-10,	1.300344e-10,	5.587298857981498e-12
53.0,	53.02412,	0.00021472310957175922,	6.594374e-08,	1.0939054709426277e-10,	1.52772e-10,	2.9041232195373455e-12
55.0,	55.01006,	0.00046229068198216195,	6.707111e-08,	1.1386235310540667e-10,	1.778717e-10,	3.515377158353214e-12
57.0,	57.01505,	0.00013970457673255962,	6.810127e-08,	1.0900676427678592e-10,	2.086813e-10,	5.046567973158031e-12
59.0,	59.01835,	0.0003003982479667121,	6.902126e-08,	6.748299467924844e-11,	2.266537e-10,	4.730132025822752e-12
61.0,	61.02346,	0.00027542619520854687,	7.075008e-08,	9.529105471221878e-11,	2.645907e-10,	6.194845902403759e-12
63.0,	63.02786,	0.0002831554959940993,	7.136926e-08,	2.141325871309725e-10,	2.721288e-10,	4.1469135128909145e-12
65.0,	65.01195,	0.0004229299224760593,	7.322651e-08,	1.6085856332522548e-10,	2.956058e-10,	4.493697349074159e-12
67.0,	67.01788,	0.00021981286362033603,	7.464751e-08,	1.2963116382093768e-10,	3.131673e-10,	2.3443383908040816e-12
69.0,	69.02229,	0.0003240856689059053,	7.625673e-08,	1.503450875144605e-10,	3.331731e-10,	3.2985230832977437e-12
71.0,	71.02873,	0.000541317305451703,	7.725247e-08,	7.881913391276311e-11,	3.418615e-10,	1.9937891254163704e-12
73.0,	73.01466,	0.0003930739333687576,	7.876507e-08,	1.601491891224913e-10,	3.579853e-10,	2.2798424382154647e-12
75.0,	75.01884,	0.0004056513685450655,	8.052208e-08,	1.0844168866580204e-10,	3.703502e-10,	2.468513252567892e-12
77.0,	77.02268,	0.0002833963122442975,	8.214536e-08,	8.331883445567843e-11,	3.816059e-10,	4.786652587335147e-12
79.0,	79.02587,	0.00020619316715126155,	8.450224e-08,	1.1700552137073e-10,	3.930055e-10,	6.061055040764134e-12
81.0,	81.02972,	0.0003076113956367561,	8.62818e-08,	4.0741334369853824e-11,	4.019198e-10,	4.234832318768349e-12
83.0,	83.01318,	0.0002738279355008771,	8.862317e-08,	1.2905663577130874e-10,	4.101974e-10,	2.5421076760543683e-12
85.0,	85.0183,	0.00018158787539841268,	9.085593e-08,	1.4255640737985692e-10,	4.318051e-10,	5.524250474761859e-12
87.0,	87.02061,	0.0003027792331453826,	9.344311e-08,	8.862208745785051e-11,	4.353997e-10,	4.3805572466761505e-12
89.0,	89.02385,	0.0003625944772802905,	9.635864e-08,	1.6864067001800644e-10,	4.482576e-10,	3.5916186059648398e-12
90.0,	90.02713,	0.00043778841261333867,	9.778811e-08,	1.756337575894737e-10,	3.217734e-10,	5.1333190576180726e-12
90.25,	90.26665,	0.00033147391913133435,	9.852655e-08,	6.698142268910208e-11,	2.892795e-10,	3.926764904052568e-12
90.5,	90.52744,	0.0002713252466165574,	9.825988e-08,	7.348656191887389e-11,	2.765038e-10,	5.149566554645283e-13
90.75,	90.76816,	0.0002972019835878841,	9.893841e-08,	1.2937311714573653e-10,	2.706909e-10,	3.0237224177008465e-12
91.0,	91.00896,	0.00015686538451402558,	9.923353e-08,	1.3133109008082575e-10,	2.628038e-10,	4.485717572169384e-12
91.25,	91.26739,	0.00026375978259871963,	9.985173e-08,	1.471188571003776e-10,	2.591888e-10,	2.4833662316908447e-12
91.5,	91.50923,	0.00042723124086808354,	9.985709e-08,	1.0993711391688386e-10,	2.595175e-10,	1.858888920314415e-12
91.75,	91.7683,	0.00025553210543483094,	1.002953e-07,	1.3997647585446447e-10,	2.561489e-10,	3.537140280099662e-12
92.0,	92.00989,	0.0003581058671958975,	1.0073e-07,	1.187185854347054e-10,	2.553273e-10,	4.086760832138833e-12
92.25,	92.27077,	0.00024425343823469256,	1.012778e-07,	1.964841423458302e-10,	2.512603e-10,	3.3050850100556703e-12
92.5,	92.51224,	0.0004286826433019777,	1.016235e-07,	1.3233530736309565e-10,	2.592299e-10,	7.014218948504764e-12
92.75,	92.77254,	0.000655434165894584,	1.015185e-07,	9.291793338206984e-11,	2.535403e-10,	4.287457511448367e-12
93.0,	93.01231,	0.0004068533142548211,	1.02689e-07,	4.8913970058414215e-11,	2.539922e-10,	3.6125575149118445e-12
93.25,	93.27363,	0.00017665188543341019,	1.027221e-07,	1.4302082959922845e-10,	2.508701e-10,	2.9408893123904842e-12
93.5,	93.51408,	0.0006123301279597228,	1.028918e-07,	1.7778873711637105e-10,	2.506031e-10,	6.028250897437242e-12
93.75,	93.77333,	0.00026612791056597083,	1.034353e-07,	2.4140371062637714e-10,	1.260497e-10,	7.250506347950268e-11
94.0,	94.01591,	0.00041367938094863014,	1.04116e-07,	5.22822246264375e-11,	2.648371e-10,	1.4225194078745785e-11
94.25,	94.275,	0.00041326691498453033,	1.046729e-07,	1.3469043168025134e-10,	1.886756e-10,	3.8951898251587535e-11
94.5,	94.51562,	0.0004397951583403902,	1.05018e-07,	1.1468234058585909e-10,	2.41545e-10,	5.613360623020492e-12
94.75,	94.77628,	0.00021822272805783249,	1.05205e-07,	1.0780764970169755e-10,	2.533966e-10,	3.5896120336684663e-12
95.0,	95.01741,	0.00046162227772260665,	1.062768e-07,	6.880110230921887e-11,	2.39491e-10,	5.125398438515241e-12
95.25,	95.27707,	0.0001545886364416496,	1.067256e-07,	9.697710199532488e-11,	2.367387e-10,	5.808307729136472e-12
95.5,	95.51866,	0.0006516889187892734,	1.06716e-07,	1.0084459591160567e-10,	2.39491e-10,	5.044887771335376e-12
95.75,	95.7592,	0.0002576101768447019,	1.073691e-07,	1.1938937813474018e-10,	2.530063e-10,	7.739714994813095e-12
96.0,	96.0181,	0.00012179368995066847,	1.078123e-07,	1.1322322309931281e-10,	2.907584e-10,	1.792769047382602e-11
96.25,	96.25954,	0.0004437045616440294,	1.081655e-07,	1.3103906897874807e-10,	2.435168e-10,	2.2282232802687296e-12
96.5,	96.5172,	0.0004660614835632109,	1.091747e-07,	3.8121028277793576e-11,	2.412369e-10,	4.350794603636307e-12
96.75,	96.75952,	0.00016781310004479824,	1.093449e-07,	6.248865782014675e-11,	2.406412e-10,	4.367310324124156e-12
97.0,	97.01917,	0.00020098630783627853,	1.101592e-07,	4.996251209492561e-11,	2.434757e-10,	4.188961610057673e-12
97.25,	97.26093,	0.0004318556488953573,	1.106632e-07,	9.915711914750883e-11,	2.366565e-10,	2.8671960037297786e-12
97.5,	97.52062,	0.000492295666920606,	1.10898e-07,	5.2864495723321304e-11,	2.390186e-10,	5.396405819168578e-12
97.75,	97.76286,	0.00030300445360438566,	1.114555e-07,	5.4837725256196564e-11,	2.417709e-10,	2.16701500716238e-12
98.0,	98.02187,	0.00019902511241587617,	1.124498e-07,	1.052350437837214e-10,	2.315832e-10,	4.9562605038157345e-12
98.25,	98.26207,	0.00030162085083999183,	1.132022e-07,	1.3443546636610066e-10,	2.436606e-10,	5.028295692288385e-12
98.5,	98.52186,	0.00040756969705407867,	1.133873e-07,	4.4138951226222664e-11,	2.362868e-10,	4.680636888832427e-12
98.75,	98.7639,	0.00039979401975928896,	1.140451e-07,	2.0088576854620703e-10,	2.422228e-10,	4.0993798137571935e-12
99.0,	99.02293,	0.0003881564092968112,	1.145517e-07,	1.172418034719401e-10,	2.422844e-10,	5.893270893385717e-13
99.25,	99.26409,	0.00029906562030673057,	1.155469e-07,	1.6021230709620752e-10,	1.005598e-10,	2.5104243432964404e-11
99.5,	99.52362,	0.0001536568097696192,	1.155899e-07,	2.1044228865398748e-10,	2.577304e-10,	1.0002851140128217e-11
99.75,	99.76473,	0.00023590478982913035,	1.167628e-07,	1.0526883804130534e-10,	2.459405e-10,	1.2765152124808597e-11
100.0,	100.0238,	0.00024523266374814874,	1.177438e-07,	1.2562360738841049e-10,	2.394294e-10,	5.397545554318764e-12
101.0,	101.0066,	0.00034732860218807706,	1.201641e-07,	6.404017923881959e-11,	2.485285e-10,	8.12033827576033e-12
102.0,	102.0082,	9.474164348419946e-05,	1.23358e-07,	8.872526838863054e-11,	2.464745e-10,	3.897912018115684e-12
103.0,	103.011,	0.0003990411853959008,	1.263651e-07,	1.824067251766004e-10,	2.58901e-10,	8.39545491193543e-12
105.0,	105.0153,	0.00029415716489542064,	1.329589e-07,	2.0932545677917521e-10,	2.577304e-10,	4.9090268053951655e-12
107.0,	107.0183,	0.00022339750065039857,	1.413878e-07,	1.0124202758046082e-10,	2.634405e-10,	3.4171188073766614e-12
110.0,	110.0046,	0.00031847851232950957,	1.541699e-07,	5.486558513428241e-11,	2.70999e-10,	4.2250255885576054e-12
114.0,	114.0066,	0.00017622964386036639,	1.765553e-07,	1.4419704407115243e-10,	2.798518e-10,	3.145113539180534e-12
118.0,	118.0137,	0.00033037539975695534,	2.054629e-07,	3.573881090025759e-11,	2.826246e-10,	1.208161397755715e-11
122.0,	121.9998,	0.0006971079569290743,	2.430337e-07,	1.230125768992027e-10,	3.004327e-10,	1.977978187257922e-12
127.0,	127.0084,	0.00037539695052095823,	3.027606e-07,	2.332736557002583e-10,	3.164947e-10,	2.671037362778567e-12
132.0,	132.0012,	0.0003506720867698128,	3.815594e-07,	1.9209341124617814e-10,	3.345286e-10,	1.0741804724835264e-12
138.0,	137.9939,	0.0002944621490770411,	5.06578e-07,	4.088889034979694e-10,	3.469757e-10,	2.5573684577498103e-12
144.0,	143.9889,	0.0013151696298496142,	6.730783e-07,	2.9986105834494353e-10,	3.623394e-10,	3.774663997235527e-12
150.0,	149.7585,	0.054021228186716376,	8.681151e-07,	2.3573759486222024e-09,	3.852414e-10,	1.5264035797891595e-11
157.0,	156.9862,	0.00014554487440024554,	1.168082e-06,	2.82854459639264e-09,	3.788536e-10,	1.522435310356899e-10
164.0,	164.002,	0.00039859105419199346,	1.525138e-06,	2.028200448250775e-09,	4.09355e-10,	5.602888739215725e-12
172.0,	172.004,	0.0002879896631032221,	2.000947e-06,	7.447825772744251e-10,	4.159073e-10,	5.263965220829742e-12
180.0,	180.0048,	0.00035625881491763145,	2.546608e-06,	9.924529440091226e-10,	4.297511e-10,	9.67018258514434e-12
189.0,	189.0024,	0.00035651067696021416,	3.251255e-06,	7.024432963948052e-10,	4.628203e-10,	1.9819762268579885e-12
200.0,	200.0106,	0.0005235708156200422,	4.215603e-06,	1.407187287713693e-09,	4.82107e-10,	9.959405604001622e-13
END