1.0,	0.9991045,	0.0005112584289131968,	7.559234e-10,	4.761942606797242e-10,	-7.64382e-12,	1.9792042374662505e-11
5.0,	5.009864,	0.0005765986541137888,	7.810304e-10,	4.3426207119655923e-10,	-7.376805e-12,	9.921580144698107e-12
7.0,	7.013552,	0.00032821729752154305,	9.343842e-10,	5.181570433784437e-10,	3.878965e-12,	1.0470057325627326e-11
10.0,	10.00243,	0.0005078753028354369,	2.178199e-09,	6.257706290818524e-10,	6.713445e-12,	7.391081794192262e-12
15.0,	15.01302,	0.00037968356363168583,	2.797422e-09,	5.201236813804242e-10,	9.95872e-12,	5.735866453575519e-12
20.0,	20.00693,	0.00012495844543769025,	3.267911e-09,	5.687932672197511e-10,	2.000263e-11,	1.0308321896409938e-11
21.0,	21.00827,	0.0005638711899829458,	2.169429e-09,	5.229059061132374e-10,	2.065991e-11,	6.375463512647276e-12
22.0,	22.01105,	0.00039341175131647066,	2.896177e-09,	4.126325305134363e-10,	3.542796e-11,	7.87338374761667e-12
23.0,	23.0152,	0.0004870992132712987,	3.452493e-09,	5.493956935583444e-10,	3.972077e-11,	6.552522048864121e-12
24.0,	24.01684,	0.0007413895307190922,	3.611309e-09,	5.329760636298729e-10,	4.4753e-11,	9.795894203155584e-12
25.0,	25.01855,	0.00040567349526630356,	3.539507e-09,	5.660553242472919e-10,	4.286336e-11,	8.139594768669705e-12
26.0,	26.01949,	0.0004124472744517594,	4.641628e-09,	5.138942496359673e-10,	4.912794e-11,	8.617700353732787e-12
27.0,	27.00373,	0.00039898044733438975,	3.558124e-09,	4.50165072230421e-10,	6.198581e-11,	6.203473213508956e-12
28.0,	28.00646,	0.0006533437589970808,	4.070883e-09,	5.832083882939095e-10,	5.335914e-11,	4.522249173334803e-12
29.0,	29.00988,	0.0006637083217039197,	5.56201e-09,	4.872606361481297e-10,	7.492584e-11,	6.819354159322308e-12
30.0,	30.01083,	0.0004349724947234969,	5.250466e-09,	3.4476307533111596e-10,	8.681832e-11,	5.953141262555588e-12
30.5,	30.51113,	0.00022871033050589625,	5.769681e-09,	3.0734079050117203e-10,	7.474097e-11,	3.987937585004039e-12
31.0,	31.01337,	0.00041906446918785553,	5.961336e-09,	3.25293928875676e-10,	8.996091e-11,	4.519582774383383e-12
31.5,	31.51337,	0.000555048589924905,	6.089734e-09,	5.022544253516582e-10,	7.798626e-11,	4.758631141996383e-12
32.0,	32.01506,	0.0005753119505245887,	6.959149e-09,	5.006089703045941e-10,	8.369631e-11,	5.1324472963472084e-12
32.5,	32.51799,	0.00039621494481824446,	7.017602e-09,	4.398954447610529e-10,	9.98816e-11,	6.372728847239304e-12
33.0,	33.01867,	0.0005275110574094407,	7.805129e-09,	4.6163523269857673e-10,	9.143977e-11,	5.487137385220256e-12
33.5,	33.51915,	0.00042580651194628553,	7.91138e-09,	4.931270313990502e-10,	1.018945e-10,	5.2592487417026005e-12
34.0,	34.02057,	0.00030812744178838143,	8.207706e-09,	4.1194304193420343e-10,	1.052014e-10,	3.950933355878848e-12
34.5,	34.52165,	0.00043012497459744023,	8.037962e-09,	3.3549472858440547e-10,	1.0058e-10,	7.466804254423699e-12
35.0,	35.0174,	0.00034236227056722084,	9.352927e-09,	4.008500846398064e-10,	1.045441e-10,	5.5934619072065285e-12
36.0,	36.00063,	0.0004293856011300988,	1.028095e-08,	3.939985329377047e-10,	1.157794e-10,	6.667099381020821e-12
37.0,	37.00481,	0.00027525667807649364,	1.182822e-08,	3.8210502936861524e-10,	1.249606e-10,	7.087606209968245e-12
38.0,	38.00774,	0.0005049294087368024,	1.383023e-08,	4.799201970393219e-10,	1.356824e-10,	5.106034667816268e-12
39.0,	39.00786,	0.00024854111842619747,	1.579616e-08,	5.178267988433124e-10,	1.531616e-10,	3.347323544509124e-12
40.0,	40.0104,	0.0002968363191331321,	1.851381e-08,	5.7712038744595e-10,	1.617678e-10,	5.159281073507134e-12
41.0,	41.01249,	0.00033521676752370914,	2.108836e-08,	4.409557710389188e-10,	1.775834e-10,	4.614130908298588e-12
42.0,	42.01628,	0.00012708806643811787,	2.474192e-08,	4.750285498304458e-10,	1.962129e-10,	4.426199247702243e-12
43.0,	43.01799,	0.00045879221678507537,	2.891355e-08,	4.6185174297668503e-10,	2.028678e-10,	8.209698524728894e-12
44.0,	44.01971,	0.00038159365441722023,	3.423059e-08,	3.7157610663481215e-10,	2.226269e-10,	5.844312970265152e-12
45.0,	45.00299,	0.0006190436675034388,	4.043556e-08,	4.149941441986719e-10,	2.449947e-10,	3.9671174836674145e-12
46.0,	46.00542,	0.0004659767353046264,	4.754126e-08,	3.965075334475902e-10,	2.631929e-10,	4.482024423546219e-12
46.5,	46.50709,	0.0005456296192665655,	5.143946e-08,	4.3253530649470385e-10,	2.656372e-10,	4.55736117821658e-12
47.0,	47.00933,	0.0002361215704351383,	5.585786e-08,	3.818593319520128e-10,	2.595368e-10,	4.4466526975610836e-12
47.25,	47.26916,	0.00045728524206492874,	5.818502e-08,	3.423741714285419e-10,	2.531695e-10,	1.8240526902935606e-12
47.5,	47.51015,	0.0004458598514559884,	5.969851e-08,	2.1124221169895265e-10,	2.497599e-10,	1.7061720988591885e-12
47.75,	47.76957,	0.0005469260378776777,	6.073563e-08,	1.6125990275881489e-10,	2.364708e-10,	2.962646441592855e-12
48.0,	48.01187,	0.00027629821114477524,	6.122276e-08,	1.5854035984010982e-10,	2.396339e-10,	1.1041227641450465e-12
48.25,	48.27127,	0.000621996026441215,	6.149877e-08,	1.3516381269086074e-10,	2.346222e-10,	1.7624013469840329e-12
48.5,	48.51115,	0.00043610598351315845,	6.207335e-08,	1.2070272681438244e-10,	2.373128e-10,	4.781125005098016e-12
48.75,	48.77044,	0.0004349931299733348,	6.272187e-08,	1.7253292646806668e-10,	2.307401e-10,	2.945107503633027e-12
49.0,	49.01247,	0.0002883416431600854,	6.240947e-08,	1.8105841497207572e-10,	2.285013e-10,	1.5361032533874992e-12
49.25,	49.27296,	0.0004852159765005708,	6.301187e-08,	9.224814961488627e-11,	2.300623e-10,	1.8714661921260695e-12
49.5,	49.51363,	0.0006542704521720863,	6.295629e-08,	1.784129129041785e-10,	2.234896e-10,	4.802880464360069e-12
49.75,	49.7546,	0.00046047752622584305,	6.324702e-08,	2.10929789514311e-10,	2.242085e-10,	1.8961768738454703e-12
50.0,	50.01402,	0.0007041312143359271,	6.367691e-08,	1.0689536060040585e-10,	2.247426e-10,	3.250993249668538e-12
51.0,	51.01633,	0.0005161428742433533,	6.454219e-08,	1.5780894871774912e-10,	2.383193e-10,	1.842790938885202e-12
52.0,	52.02114,	0.00043405116499989094,	6.50501e-08,	1.0276136745020221e-10,	2.594547e-10,	3.4181593554635983e-12
53.0,	53.02269,	0.0005544661095943336,	6.574388e-08,	1.5261624626844865e-10,	2.759891e-10,	4.157285405746395e-12
54.0,	54.02488,	0.0005253900380774395,	6.643707e-08,	1.25698047857869e-10,	3.036972e-10,	3.685577235641853e-12
55.0,	55.00826,	0.0004298452483571148,	6.674505e-08,	6.772452079868446e-11,	3.112354e-10,	4.181420294097988e-12
56.0,	56.01204,	0.00018457364583180215,	6.745993e-08,	1.5721618597370128e-10,	3.45208e-10,	5.06412172943296e-12
57.0,	57.01488,	0.00018051701913873454,	6.821071e-08,	1.2237590215662597e-10,	3.590518e-10,	4.84097752274256e-12
58.0,	58.0147,	0.0005684814405816738,	6.796125e-08,	3.5090667266648214e-10,	3.81748e-10,	2.8249367422490588e-12
59.0,	59.01773,	0.0001869941812796191,	6.923965e-08,	7.599858512988175e-11,	3.962903e-10,	4.628512213875933e-12
60.0,	60.01943,	0.0004145355624839166,	7.005999e-08,	1.1600849767477764e-10,	4.15577e-10,	4.30276391642404e-12
61.0,	61.02267,	0.0001654754409837021,	7.070962e-08,	1.9097886047819186e-10,	4.338986e-10,	6.216955307112775e-12
62.0,	62.02462,	0.00036799537405771365,	7.159766e-08,	1.7017521497468244e-10,	4.519529e-10,	5.320429861911661e-12
63.0,	63.02616,	0.00031508683476232774,	7.216212e-08,	2.1500283943627242e-10,	4.631676e-10,	6.807549795529224e-12
64.0,	64.00948,	0.0002612121782079446,	7.254421e-08,	1.5056235834316624e-10,	4.749778e-10,	4.381027543265372e-12
65.0,	65.0117,	0.0002701648957958796,	7.312154e-08,	6.316459288767306e-11,	4.985781e-10,	7.1867037811518515e-12
66.0,	66.01505,	0.0002307965550835873,	7.395033e-08,	1.319595219099837e-10,	5.053357e-10,	7.357075380602457e-12
67.0,	67.01724,	0.0005212994821820434,	7.461697e-08,	2.0771496108533483e-10,	5.198572e-10,	7.115355917579103e-12
68.0,	68.01944,	0.0002812789885298262,	7.513195e-08,	2.26165357550437e-10,	5.242733e-10,	9.06787306266769e-12
69.0,	69.02119,	0.0002343280905007511,	7.607127e-08,	1.0571899714973203e-10,	5.364532e-10,	9.583937336706368e-12
70.0,	70.02354,	0.00045259343454564713,	7.649689e-08,	1.894992721576364e-10,	5.549595e-10,	7.442903627154843e-12
71.0,	71.02682,	0.0003512424249783445,	7.762788e-08,	1.3369729459527258e-10,	5.657019e-10,	8.396466980256704e-12
72.0,	72.02856,	0.000330179724797852,	7.819665e-08,	8.627277981694775e-11,	5.703848e-10,	9.984143954693194e-12
73.0,	73.0135,	0.00046385299660982104,	7.884257e-08,	1.4868656575308698e-10,	5.747188e-10,	6.49041443883169e-12
74.0,	74.01534,	0.00036777090329958716,	7.979362e-08,	1.408313795249501e-10,	5.889116e-10,	7.38127251083956e-12
75.0,	75.01696,	0.00041977070401549545,	8.072907e-08,	2.187154836921183e-10,	5.861183e-10,	1.1367734914084247e-11
76.0,	76.01944,	0.00044931318065579665,	8.130437e-08,	2.1449714305290073e-10,	5.976205e-10,	1.127894816426667e-11
77.0,	77.02085,	0.0005441866314963014,	8.188486e-08,	2.1007579476381933e-10,	6.114029e-10,	6.617622317246989e-12
78.0,	78.0223,	0.00032012863469505225,	8.296922e-08,	1.5739844636268648e-10,	6.30977e-10,	6.98144169912084e-12
79.0,	79.02337,	0.00041666939654327575,	8.457969e-08,	6.527362684228448e-11,	6.306074e-10,	9.422941924003093e-12
80.0,	80.02693,	0.00026524953133485817,	8.501445e-08,	1.4127421831165571e-10,	6.300939e-10,	9.40947293963861e-12
81.0,	81.029,	0.00038247472533258197,	8.590271e-08,	1.6907514439358912e-10,	6.348592e-10,	9.521707662461831e-12
82.0,	82.01154,	0.0002989905773668215,	8.690005e-08,	1.649389067344048e-10,	6.519278e-10,	1.205406494660096e-11
83.0,	83.01249,	0.0005325677143376904,	8.811632e-08,	2.4538835477153254e-10,	6.52708e-10,	8.424865462450287e-12
84.0,	84.01365,	0.00034056161730881303,	8.925302e-08,	9.261194443155923e-11,	6.72755e-10,	1.0902940067810998e-11
85.0,	85.01608,	0.0005679238013727144,	9.002255e-08,	2.7247411156130826e-10,	6.672298e-10,	1.1243596424602472e-11
86.0,	86.01789,	0.00023054751637576108,	9.166055e-08,	1.618085269811027e-10,	6.785267e-10,	1.1780352174805211e-11
87.0,	87.01878,	0.00034553304792189543,	9.268825e-08,	9.814720362319941e-11,	6.867629e-10,	1.251006542427509e-11
88.0,	88.02173,	0.0004138963032008906,	9.418099e-08,	1.2788339439822696e-10,	6.903165e-10,	9.839878685937155e-12
89.0,	89.02222,	0.0004216269254903297,	9.534988e-08,	1.465927883603838e-10,	6.987377e-10,	1.3865796026554993e-11
90.0,	90.02569,	0.00030565891959209864,	9.712144e-08,	1.6368023288757524e-10,	6.944035e-10,	1.028343924206719e-11
91.0,	91.0073,	0.0002251464942270297,	9.864194e-08,	1.3198850145695606e-10,	7.223169e-10,	1.0904189404960701e-11
92.0,	92.00954,	0.00016312629271055464,	1.004285e-07,	1.4692374063231176e-10,	7.292186e-10,	1.0886796903474423e-11
93.0,	93.01147,	0.000618181782302248,	1.017723e-07,	2.0151916465898698e-10,	7.211055e-10,	7.844293576892746e-12
94.0,	94.01421,	0.0003142710413666228,	1.038603e-07,	1.2210351603375128e-10,	7.261584e-10,	9.662682356916743e-12
95.0,	95.01532,	0.0005972587146604677,	1.057789e-07,	1.8765297593972007e-10,	7.316834e-10,	1.4229723446368327e-11
96.0,	96.01645,	0.00023186359930894122,	1.082312e-07,	1.2780797859173893e-10,	7.130541e-10,	2.3989283983408776e-11
97.0,	97.01895,	0.00016938894445694936,	1.103275e-07,	1.5984410610098337e-10,	6.423765e-10,	4.7872636267229345e-11
98.0,	98.01957,	0.0004949613931552414,	1.124368e-07,	1.310922746579791e-10,	5.893229e-10,	5.314190723998472e-11
99.0,	99.02319,	0.00027044383403295694,	1.153346e-07,	1.5931851109866522e-10,	5.462714e-10,	6.433502809255977e-11
100.0,	100.0249,	0.0003104867381538012,	1.174574e-07,	1.734988871824484e-10,	5.314212e-10,	7.25702558527913e-11
101.0,	101.0067,	0.0005018625021125185,	1.201085e-07,	1.5652035612598578e-10,	5.09115e-10,	8.118122728524544e-11
102.0,	102.0084,	0.0005142298529278403,	1.23429e-07,	1.234813312221218e-10,	4.875276e-10,	8.769654307504276e-11
103.0,	103.0095,	0.0003710680773367128,	1.268109e-07,	1.4177489647935985e-10,	4.723697e-10,	9.38315923894167e-11
104.0,	104.012,	0.0003164994877647487,	1.298135e-07,	1.4087632754459748e-10,	4.542123e-10,	1.0079181755263796e-10
105.0,	105.0141,	0.00048346095336365295,	1.333873e-07,	1.0599930146303384e-10,	4.419295e-10,	1.0215300065643502e-10
106.0,	106.0136,	0.00047047597429943707,	1.374511e-07,	1.143466289166776e-10,	4.187198e-10,	1.0538057780419875e-10
107.0,	107.0163,	0.00035373033147028006,	1.408901e-07,	1.2121357981118229e-10,	4.088402e-10,	1.0615354048059458e-10
108.0,	108.017,	0.0003486183526427803,	1.452822e-07,	1.2988580864776908e-10,	4.11839e-10,	1.0841366415036316e-10
109.0,	109.0214,	0.00031763186879780634,	1.493358e-07,	1.6968271566395846e-10,	4.137491e-10,	1.0678033881266166e-10
110.0,	110.0035,	0.00020843161566763783,	1.53831e-07,	6.046195686664859e-11,	4.166862e-10,	1.0201217042133409e-10
111.0,	110.9983,	0.0006695225102812443,	1.587028e-07,	1.1821727351116818e-10,	4.025549e-10,	1.0774412557485263e-10
112.0,	112.0011,	0.0002752403728513682,	1.63674e-07,	1.5369397989389145e-10,	4.080801e-10,	1.0584178773475685e-10
113.0,	113.0033,	0.0005430936109723486,	1.692951e-07,	1.2641967064443746e-10,	4.188636e-10,	1.014308710193671e-10
114.0,	114.0052,	0.0005235708156245007,	1.749763e-07,	1.2967192215921646e-10,	4.220883e-10,	9.992364992033385e-11
115.0,	115.0059,	0.0002950711717535947,	1.814361e-07,	1.3202856534565903e-10,	4.233208e-10,	9.910924801435683e-11
116.0,	116.0075,	0.000500788232234438,	1.882364e-07,	1.882394198644637e-10,	4.184322e-10,	9.854333297836242e-11
117.0,	117.0101,	0.0003749184328641728,	1.944114e-07,	2.2540530221644188e-10,	4.131946e-10,	1.0492802044171768e-10
118.0,	118.0126,	0.00042008064385599427,	2.029334e-07,	1.139750933350651e-10,	4.163987e-10,	1.0526695321990345e-10
119.0,	118.9961,	0.000772943182208479,	2.104468e-07,	1.3030054202155162e-10,	4.189866e-10,	1.0141078316887696e-10
120.0,	119.9967,	0.0004569258930935538,	2.188958e-07,	1.7003359063584885e-10,	4.201781e-10,	9.773111520466153e-11
130.0,	129.9958,	0.0004306317758277115,	3.335831e-07,	9.227622999615482e-10,	2.542424e-09,	1.599043006614776e-10
140.0,	139.9951,	0.0005747312655310853,	5.495373e-07,	1.129988455704745e-09,	2.669648e-09,	2.094972519735064e-10
150.0,	149.7147,	0.05520598573805052,	8.962275e-07,	4.320372372770703e-09,	2.789003e-09,	3.2368201679277744e-10
160.0,	159.9933,	0.00024596361220703233,	1.363718e-06,	2.1952994781721825e-09,	2.937937e-09,	3.3648147886497677e-10
170.0,	169.9989,	0.00048215957562464546,	1.96685e-06,	3.0498867465300513e-09,	3.058732e-09,	4.289536443373259e-10
180.0,	180.0045,	0.0006115057526858846,	2.680284e-06,	1.1697238021530622e-09,	3.184291e-09,	4.920431344236847e-10
190.0,	190.0042,	0.0003637388219727424,	3.497747e-06,	2.8287379582322566e-09,	3.244103e-09,	5.592551733555276e-10
200.0,	200.0108,	0.00045377192343177875,	4.413313e-06,	2.145708954994754e-09,	3.144258e-09,	6.19733697028565e-10
