Measurement done: 2025-07-22 19:42:09.488798
Voltage SourceMeter: Keithley 2410
Pad Currentmeter:    Keithley 6487

Comments: 
Enter comments here

Number of points for median: 5
Hardware compliance: 5E-6
Software compliance used: False, value: 25μA
Set voltage (V), 	 Measured voltage (V), 	 σ_voltage (V), 	 Total current (A), 	 σ_total,  	 Pad current (A), 	 σ_pad
BEGIN
1.0,	0.9977406,	0.0004948316446384738,	8.744965e-10,	4.955364770224445e-10,	-5.117435e-12,	2.149415741112389e-11
5.0,	5.008292,	0.0005569985709521406,	8.252801e-10,	4.107468272975771e-10,	-3.94667e-12,	2.3891306361610275e-12
10.0,	10.0021,	0.00039949754991723,	1.054075e-09,	3.7711009005736843e-10,	8.603103e-12,	2.335269711591795e-12
15.0,	15.01321,	0.00023901572335037038,	2.119548e-09,	4.993452857484467e-10,	1.437477e-11,	1.1990121199430685e-12
20.0,	20.00653,	0.0003467207621188769,	2.967769e-09,	4.676941084111142e-10,	3.218271e-11,	1.12133290065728e-12
25.0,	25.01878,	0.0004460570998523721,	3.8066e-09,	4.3283149322733404e-10,	5.543369e-11,	2.0183220798871016e-12
30.0,	30.01059,	0.00032140465466044,	5.60855e-09,	3.864175138062549e-10,	8.89956e-11,	4.830067543465045e-12
31.0,	31.01254,	0.000607733489222503,	5.680585e-09,	3.768243869594291e-10,	9.891626e-11,	3.9607521667490225e-12
35.0,	35.01539,	0.000570354136390829,	9.548354e-09,	5.002302366989041e-10,	1.498754e-10,	2.739039412888866e-12
36.0,	35.99953,	0.0006582574119220332,	1.046395e-08,	5.152503037837922e-10,	1.560784e-10,	3.5565801845023264e-12
37.0,	37.00286,	0.0005597651879867598,	1.218041e-08,	3.859065594263828e-10,	1.735988e-10,	1.3066320216268708e-12
38.0,	38.00562,	0.0006588053499037924,	1.311393e-08,	4.1397609105317846e-10,	1.823486e-10,	3.21142768873861e-12
39.0,	39.00785,	0.0003758438134066699,	1.550454e-08,	4.4369776819490555e-10,	2.020258e-10,	2.1174205237964053e-12
40.0,	40.01003,	0.00039199462327550597,	1.799017e-08,	4.2980751474616565e-10,	2.132609e-10,	3.3074741377714556e-12
41.0,	41.01251,	0.0006203183332635698,	2.13084e-08,	5.168563442356343e-10,	2.260161e-10,	2.363931342722006e-12
42.0,	42.01591,	0.00034310866370808833,	2.473835e-08,	4.4785014771365165e-10,	2.449126e-10,	3.4900291881317133e-12
43.0,	43.01773,	0.0003438560470756694,	2.847466e-08,	4.430173788626595e-10,	2.628438e-10,	3.842969387121321e-12
44.0,	44.01963,	0.0005501414824020568,	3.398256e-08,	3.5946279567108533e-10,	2.82028e-10,	3.267609155654536e-12
45.0,	45.00326,	0.00043902709219282313,	3.977652e-08,	4.5776574912438977e-10,	2.984803e-10,	4.7308600897276494e-12
46.0,	46.00483,	0.0004655315538348363,	4.745932e-08,	3.750091439384451e-10,	3.08401e-10,	3.986672363076858e-12
46.5,	46.50807,	0.000604059523833254,	5.204296e-08,	4.160000052690962e-10,	3.064085e-10,	2.103926011609351e-12
47.0,	47.00784,	0.0003948124257062759,	5.637674e-08,	4.0096809258481423e-10,	3.052379e-10,	2.7042799986822967e-12
47.25,	47.26808,	0.00043448521834146874,	5.815508e-08,	3.0371947581396857e-10,	2.924622e-10,	3.2936401978619673e-12
47.5,	47.50933,	0.00022721013551264794,	5.986044e-08,	2.251157484600092e-10,	2.808778e-10,	4.7046029106094864e-12
47.75,	47.77037,	0.0005650098044169133,	6.098289e-08,	1.7126183931227983e-10,	2.751883e-10,	2.69121568339958e-12
48.0,	48.01041,	0.0005271467952925875,	6.118507e-08,	2.062683372174721e-10,	2.638912e-10,	2.783027966620675e-12
48.25,	48.27192,	0.0003297853048214357,	6.179095e-08,	1.7616781376945969e-10,	2.638709e-10,	3.0264753556305025e-12
48.5,	48.51329,	0.0006343121073464176,	6.215204e-08,	1.2995856624434408e-10,	2.569694e-10,	2.743104392885514e-12
48.75,	48.77221,	0.000410949455147217,	6.252811e-08,	9.712269146617783e-11,	2.545252e-10,	2.791760602635753e-12
49.0,	49.01325,	0.0006003959668849617,	6.261252e-08,	1.2199930721115593e-10,	2.476238e-10,	2.248053518289883e-12
49.25,	49.27251,	0.0006697865670094528,	6.305248e-08,	1.331655676542651e-10,	2.495752e-10,	2.308785663255159e-12
49.5,	49.51339,	0.0005745000771090469,	6.328262e-08,	1.6586134319668702e-10,	2.421398e-10,	2.6897807367013897e-12
49.75,	49.75473,	0.000768229136073207,	6.353687e-08,	7.293940809398195e-11,	2.42715e-10,	2.672452423408982e-12
50.0,	50.01348,	0.0004918597075093397,	6.381054e-08,	1.1654057087642898e-10,	2.390589e-10,	3.81509947062596e-12
50.25,	50.25641,	0.0003225309460204913,	6.404796e-08,	1.6116317577981216e-10,	2.348071e-10,	2.9242555801242383e-12
50.5,	50.51534,	0.0002272733350227454,	6.402436e-08,	1.496950852667006e-10,	2.34232e-10,	2.439111339680828e-12
50.75,	50.75675,	0.0001411173519874857,	6.433464e-08,	1.4827400383516044e-10,	2.338829e-10,	2.631929557563309e-12
51.0,	51.01823,	0.0008553937522401214,	6.478055e-08,	1.6003314747094058e-10,	2.371076e-10,	2.929047296443973e-12
53.0,	53.02307,	0.0008736833754968669,	6.579466e-08,	1.901864397513947e-10,	2.883337e-10,	4.6997168345390204e-12
55.0,	55.00813,	0.0003812524277961016,	6.698017e-08,	1.2102819920800074e-10,	3.45886e-10,	3.917350620074641e-12
57.0,	57.01487,	0.00031357909697124383,	6.850143e-08,	1.5775944514370675e-10,	4.112432e-10,	5.163236766003442e-12
59.0,	59.01796,	0.00033066055150801437,	6.924564e-08,	4.454521630963753e-10,	4.853919e-10,	5.775938799107993e-12
61.0,	61.02326,	0.00035250512482267365,	7.074706e-08,	2.2582403185540214e-10,	5.494347e-10,	8.546331913871406e-12
63.0,	63.02626,	0.00032283692892872556,	7.213713e-08,	1.6361005146107515e-10,	6.304024e-10,	1.4351109420756256e-11
65.0,	65.01263,	0.0002976998931072169,	7.345835e-08,	1.608144835517049e-10,	6.938703e-10,	1.516454202180964e-11
67.0,	67.01694,	0.0006426137881621469,	7.523687e-08,	1.3197284975019224e-10,	7.604804e-10,	1.714392759336556e-11
69.0,	69.02164,	0.00025938109621563544,	7.65524e-08,	1.2361108909978962e-10,	8.051543e-10,	2.3211202987488418e-11
71.0,	71.02653,	0.0004002024286179287,	7.824762e-08,	1.3514851188467578e-10,	8.492738e-10,	2.4987740933474552e-11
73.0,	73.01244,	0.000258535346321547,	7.969236e-08,	1.1276908420339702e-10,	8.854439e-10,	2.6137193282532868e-11
75.0,	75.01802,	0.00028630792988239566,	8.11612e-08,	1.9957611486906226e-10,	9.219018e-10,	2.5097243433428257e-11
77.0,	77.02055,	0.000445743071493662,	8.306456e-08,	1.5576261683119223e-10,	9.426063e-10,	2.8024641678550526e-11
79.0,	79.02252,	0.0005320264208678846,	8.491376e-08,	8.538969956208262e-11,	9.762298e-10,	2.960127118461216e-11
81.0,	81.02869,	0.0002886216741719459,	8.708623e-08,	1.1766719239927742e-10,	9.927847e-10,	3.068219544124453e-11
83.0,	83.01292,	0.0005492597244708175,	8.930981e-08,	1.9804336024044201e-10,	1.017042e-09,	3.1828075282013893e-11
85.0,	85.0162,	0.00043310922380938584,	9.169587e-08,	1.9109338997854985e-10,	1.042696e-09,	3.268469105308729e-11
87.0,	87.01935,	0.00034513016654238993,	9.371476e-08,	1.7623607930915684e-10,	1.055595e-09,	3.338857890919612e-11
89.0,	89.02186,	0.00026064457549886767,	9.677722e-08,	8.341466659119404e-11,	1.073937e-09,	3.294693768146517e-11
90.0,	90.02505,	0.0005836223658269318,	9.873116e-08,	1.797505912566726e-10,	9.63331e-10,	2.3735583413971623e-11
90.25,	90.26574,	0.00010441371608018627,	9.85869e-08,	1.1480050331659545e-10,	8.210317e-10,	1.450440559532708e-11
90.5,	90.52587,	0.0002591422091511478,	9.919785e-08,	1.0691962142501028e-10,	7.38051e-10,	9.389545482265666e-12
90.75,	90.76664,	0.0003860602816580392,	9.962004e-08,	1.8192176791346692e-10,	6.756102e-10,	8.324889609812248e-12
91.0,	91.00707,	0.0003242407311800358,	1.000875e-07,	1.5408040600610722e-10,	6.399533e-10,	5.325520404693409e-12
91.25,	91.26707,	0.00024092336098501077,	1.003821e-07,	9.555903763993884e-11,	6.093082e-10,	4.778468173939943e-12
91.5,	91.50852,	0.0003824371744288869,	1.005746e-07,	1.837302417206081e-10,	5.804088e-10,	4.030590910365471e-12
91.75,	91.76849,	0.0003897280159546819,	1.008324e-07,	1.5991152623576192e-10,	5.70714e-10,	3.942184948153264e-12
92.0,	92.00931,	0.0004103264845011922,	1.014021e-07,	2.387019007298717e-10,	5.543439e-10,	3.9956405283309275e-12
92.25,	92.26967,	9.381814865845848e-05,	1.019821e-07,	8.531458219834732e-11,	5.215419e-10,	5.975466560869131e-12
92.5,	92.51065,	0.0003405827017774345,	1.024831e-07,	1.4400095463061648e-10,	4.953125e-10,	8.0750408733689e-12
92.75,	92.77055,	0.0006812022992325685,	1.027785e-07,	1.8669488691480848e-10,	4.504128e-10,	9.40602920557689e-12
93.0,	93.01148,	0.0005056630534973483,	1.030025e-07,	1.216122335581137e-10,	4.273672e-10,	1.0328888821099592e-11
93.25,	93.27135,	0.0003013558780470019,	1.032512e-07,	1.4985074156676706e-10,	4.29873e-10,	1.2009729952733927e-11
93.5,	93.51173,	0.00034884228217593976,	1.040721e-07,	1.9704174093083518e-10,	4.190486e-10,	1.0548641496293563e-11
93.75,	93.77097,	0.00027612922934873847,	1.041552e-07,	1.3255016389774444e-10,	4.250874e-10,	1.120008869880147e-11
94.0,	94.01361,	0.000162116213076329,	1.048087e-07,	1.742472884090936e-10,	4.139548e-10,	1.3345241446264821e-11
94.25,	94.27275,	0.00023325307966444298,	1.050714e-07,	1.7287643591409022e-10,	3.926346e-10,	1.2868558611689529e-11
94.5,	94.51431,	0.0002944011775168569,	1.055887e-07,	1.838287760401574e-10,	3.953457e-10,	1.686950785327346e-11
94.75,	94.77406,	0.0005905635061822038,	1.058367e-07,	8.436213559167642e-11,	4.05246e-10,	1.2945682012841e-11
95.0,	95.01572,	0.00022558858702594154,	1.065613e-07,	1.447683977392138e-10,	3.985706e-10,	1.621917123730011e-11
95.25,	95.27553,	0.0005814235302110131,	1.06668e-07,	1.3064654364864367e-10,	3.860618e-10,	1.791468791150907e-11
95.5,	95.51653,	0.00037478673339805176,	1.074994e-07,	1.8333810604484111e-10,	3.864111e-10,	1.813553874938096e-11
95.75,	95.75739,	0.00016924050644439776,	1.076614e-07,	6.253740804471029e-11,	3.823647e-10,	1.4799339226713436e-11
96.0,	96.01666,	0.0003714718235830854,	1.084288e-07,	1.176615858790119e-10,	3.676582e-10,	1.5654910974523674e-11
96.25,	96.25816,	0.0005057872946005491,	1.08712e-07,	1.4103530948257907e-10,	3.706981e-10,	1.6416891117495224e-11
96.5,	96.51749,	0.00031358482177691165,	1.092831e-07,	1.4166853380871754e-10,	3.741282e-10,	1.5770913264695057e-11
96.75,	96.75952,	0.00019905667972533475,	1.098799e-07,	1.6123351452854892e-10,	3.61291e-10,	1.726748690809427e-11
97.0,	97.01851,	0.0002374974780929918,	1.101676e-07,	2.1396948826906717e-10,	3.66282e-10,	1.3426017617360234e-11
97.25,	97.26019,	0.00022746677428979686,	1.108434e-07,	5.886847627040538e-11,	3.64228e-10,	1.927236914356918e-11
97.5,	97.51858,	0.00040229626787118244,	1.116572e-07,	1.7845173816313426e-10,	3.642898e-10,	2.4495547220054743e-11
97.75,	97.76108,	0.00038990531734904674,	1.122911e-07,	1.981275055153201e-10,	3.594013e-10,	2.0517852243304157e-11
98.0,	98.02027,	0.0003843452574994953,	1.127064e-07,	1.1980225833590056e-10,	3.70883e-10,	1.7283760733678284e-11
98.25,	98.26109,	0.000511736443516244,	1.12868e-07,	2.2643150796787683e-10,	3.595655e-10,	2.2389148337540945e-11
98.5,	98.52121,	0.00036246572910179957,	1.137074e-07,	1.034891876128769e-10,	3.610855e-10,	2.220762749949878e-11
98.75,	98.76228,	0.00033208804331325074,	1.146022e-07,	1.5549667051431757e-10,	3.587235e-10,	2.1184864600333824e-11
99.0,	99.0232,	0.0004196915792652182,	1.147103e-07,	1.4351465468545584e-10,	3.60305e-10,	2.607200952687186e-11
99.25,	99.26449,	0.000433219049818759,	1.154742e-07,	1.114071960895081e-10,	3.506102e-10,	1.9635832808076208e-11
99.5,	99.52467,	0.00021528253533997628,	1.16113e-07,	1.3918625918851297e-10,	3.55088e-10,	2.6797720220882794e-11
99.75,	99.76479,	0.00040589469612398616,	1.167132e-07,	1.041330379490426e-10,	3.550263e-10,	2.132152860576085e-11
100.0,	100.0239,	0.0007850418580199537,	1.173285e-07,	2.1605878928666554e-10,	3.434831e-10,	2.1044022034048345e-11
101.0,	101.0067,	0.00022619257361435996,	1.201468e-07,	1.369611209981189e-10,	4.129689e-10,	8.675069693215208e-11
102.0,	102.0083,	0.00036497058581676586,	1.230592e-07,	1.0309470907538916e-10,	4.072383e-10,	9.040420885050341e-11
103.0,	103.0094,	0.00044979836248093774,	1.263529e-07,	8.378637066720171e-11,	3.945038e-10,	9.787563341252988e-11
105.0,	105.0139,	0.00028954385497835094,	1.333923e-07,	7.6834088527828e-11,	4.976954e-10,	1.888993571721275e-10
107.0,	107.0157,	0.00026527660175725877,	1.420059e-07,	1.3498445581797851e-10,	4.364254e-10,	2.2146025867167938e-10
110.0,	110.0033,	0.0002816871570559662,	1.554159e-07,	2.235204270645457e-10,	5.076365e-10,	3.185353801548986e-10
114.0,	114.0052,	0.0002622136518553209,	1.785949e-07,	4.012215118354599e-10,	7.465546e-10,	3.7280146401415793e-10
118.0,	118.0127,	0.000456925893091153,	2.092307e-07,	4.718374216867164e-10,	7.354632e-10,	3.782947202588956e-10
122.0,	121.9985,	0.00033173106979204203,	2.469305e-07,	6.602566990680558e-10,	6.993547e-10,	3.8310992162783767e-10
127.0,	127.0073,	0.00033683285868503135,	3.104595e-07,	9.644343500676233e-10,	1.139049e-09,	4.135889330160305e-10
132.0,	131.9996,	0.0005334215355848093,	3.94397e-07,	7.667532795753397e-10,	1.122843e-09,	4.2365852927599516e-10
138.0,	137.9921,	0.000334157416330123,	5.300382e-07,	1.6916913268116597e-09,	1.789542e-09,	4.3384672294403054e-10
144.0,	143.9712,	0.004537857697923843,	7.062135e-07,	2.9893057151120428e-09,	1.708369e-09,	4.48607820670742e-10
150.0,	149.6059,	0.08848170881104231,	9.20154e-07,	3.326575304949064e-09,	1.285394e-09,	4.4465583465457775e-10
157.0,	156.9847,	0.0005404427416444313,	1.230766e-06,	2.9678797784335736e-09,	2.171972e-09,	4.765337470392187e-10
164.0,	164.0007,	0.0002755662940678734,	1.614063e-06,	2.8342541559541746e-09,	1.953306e-09,	4.939634614565212e-10
172.0,	172.002,	0.0004003885426935998,	2.122116e-06,	3.2196392006688293e-09,	2.536861e-09,	5.189898136467138e-10
180.0,	180.0048,	0.00026696305613877435,	2.695997e-06,	3.2084715660414717e-09,	2.302173e-09,	5.420732408298723e-10
189.0,	189.0032,	0.00020008214909000098,	3.430141e-06,	2.0965999178107607e-09,	2.788185e-09,	5.763933222407922e-10
200.0,	200.011,	0.0002935462459278203,	4.450994e-06,	5.492586431229476e-09,	3.526383e-09,	5.931350091419847e-10
END