Voltage (V), 	 Total current (A), 	 Pad current (A)
5.0,	1.023578e-09,	-2.71661e-10
10.0,	1.474668e-09,	-1.555114e-11
15.0,	2.027755e-09,	-3.42442e-11
20.0,	3.018156e-09,	-6.791792e-11
25.0,	4.426773e-09,	-1.346979e-10
30.0,	6.973236e-09,	-2.194071e-10
35.0,	1.202591e-08,	-4.261683e-10
40.0,	2.387185e-08,	-9.151582e-10
45.0,	5.354757e-08,	-2.157537e-09
50.0,	8.337402e-08,	-3.40815e-09
60.0,	9.055331e-08,	-3.691536e-09
70.0,	9.892948e-08,	-3.998197e-09
80.0,	1.088572e-07,	-4.338993e-09
90.0,	1.21924e-07,	-4.721748e-09
100.0,	1.384603e-07,	-5.152927e-09